2999.2069726048594 4.349183541419454
3001.7092942268996 4.183647289721232
3003.372068072772 4.0213626651126635
3005.650247639684 3.9025364795611255
3008.2098359387087 3.7526286458064613
3011.271475003869 3.6129838862233212
3014.3331140690293 3.4557970687372084
3018.0070809472213 3.288223357237441
3021.6810478254138 3.1289047318096603
3025.967342516638 2.976741270271199
3030.8659650208942 2.810579314562588
3035.7645875251505 2.652156502046466
3040.663210029407 2.496829346807339
3046.1741603466953 2.3374098006844477
3051.685110663984 2.187586792120242
3056.58373316824 2.0601205523740727
3062.094683485528 1.9158697269084581
3068.2179616158487 1.7703126021083762
3076.1782231852653 1.6199078821217898
3084.1384847546815 1.5159380212901334
3089.037107258938 1.379597564016577
3095.7727132022906 1.2230344137474418
3107.218309859155 1.106880540722969
3122.9597466061255 0.9089530467709495
3123.94848226776 0.8973739543665752
3123.9297733934286 0.8905639241099484
3125.1288421573954 0.8812503063064299
3125.1084324763065 0.8738211823901099
3126.3058004335157 0.8638884709268979
3127.482758709636 0.8465266355473661
3127.2548506041444 0.8378638597963457
3128.050828166607 0.83041659394128
3128.4295411379217 0.8196765662038894
3130.7483076838425 0.80930618046844
3130.1113555531965 0.8003429288569458
3130.4047447188477 0.7956929231822161
3134.2009454013632 0.8401860279557815
3134.1805357202743 0.8327569040394615
3134.1567244256707 0.8240895928037546
3134.139716358097 0.8178986562068213
3136.16254252823 0.8112496356565616
3135.930665873638 0.8011423080329234
3137.12633302409 0.7905905029100182
3137.105923343001 0.7831613789936982
3138.299889686695 0.7719904802110997
3138.2794800056067 0.7645613562947795
3138.2607711312753 0.7577513260381528
3138.8475494625777 0.7484513146886935
3139.436028600638 0.7397703969989275
3139.415618919549 0.7323412730826075
3139.3969100452177 0.7255312428259808
3139.9836883765206 0.7162312314765213
3140.5755691280956 0.7087885011061421
3140.5551594470066 0.7013593771898221
3140.536450572675 0.6945493469331954
3140.517741698344 0.6877393166765686
3141.9203403376127 0.6782147988351326
3141.4849338077183 0.6683183712494118
3142.8852647046438 0.6579683951950515
3142.864855023555 0.6505392712787315
3142.8461461492234 0.6437292410221047
3144.3411552889775 0.6306942580333965
3145.849203947205 0.622405659769004
3147.725760736202 0.6368103591330043
3147.705351055113 0.6293812352166842
3148.9078214325946 0.6213058047325524
3149.4945997638974 0.6120057933830931
3150.387523311532 0.6026989788066042
3151.2923525064684 0.5977258198479687
3154.445081299101 0.630882480647882
3153.1955552679983 0.6218296532138314
3153.1683423598797 0.611924154658738
3155.080049155197 0.6391234563230672
3156.896510772099 0.6316535130445696
3156.8761010910102 0.6242243891282495
3157.4645802290706 0.6155434714384835
3157.4441705479817 0.6081143475221635
3158.638136891676 0.596943448739565
3158.411362657356 0.5886934020950068
3159.8082919407666 0.5771052387212596
3159.581517706447 0.5688551920767015
3160.9784469898573 0.5572670287029544
3160.7516727555376 0.5490169820583962
3161.543114833314 0.5399187997774817
3161.9263632893144 0.5308296884659399
3162.7268763364636 0.5250333390367231
3162.706466655375 0.517604215120403
3163.29834740695 0.5101614847500237
3163.2796385326187 0.5033514544933969
3163.869818477436 0.4952896304633244
3163.8494087963472 0.4878605065470043
3163.8324007287733 0.48166956995007093
3166.2618331010426 0.47443365768139134
3169.3532194632917 0.48526167382169816
3172.397663559036 0.47900270495446884
3171.7649634452837 0.47158718749220785
3174.8763059401526 0.48967923590624995
3176.1178948730544 0.49584295959506497
3177.31979831495 0.48756116455770193
3177.904875839495 0.47764205954854944
3177.884466158406 0.4702129356322293
3177.261970885198 0.46651198012812833
3179.0784325021004 0.45904203684963074
3179.058022821012 0.45161291293331063
3178.8301147155203 0.44295013718229026
3179.626092277983 0.43550287132722465
3180.2179730295584 0.4280601409568453
3180.1975633484694 0.4206310170405252
3180.7894441000444 0.41318828667014595
3181.3813248516194 0.4057455562997667
3181.3609151705305 0.3983164323834466
3182.5616847412543 0.3896219082396214
3182.542975866923 0.38281187798299465
3183.7352414038596 0.3710218855407028
3183.1127461306514 0.36732093003660204
3184.719441580808 0.35779187671047963
3186.116370864219 0.3462037133367324
3185.4938755910107 0.3425027578326316
3187.306935594398 0.3337946272347472
3187.90732037976 0.32944736516283457
3190.9704733498365 0.329998426552232
3192.468317167519 0.35514315365362314
3191.633787985222 0.348557629888973
3191.613378304133 0.3411285059726529
3194.4554263957475 0.3726410535737469
3192.9059914397567 0.3658650394522681
3197.498169684735 0.3657629910468242
3200.586834756172 0.3756004573316216
3202.285373771228 0.36235457430499607
3201.4542462024456 0.35700723785973265
3202.661819000199 0.3507890883546808
3203.253699751774 0.3433463579843016
3203.233290070685 0.33591723406798146
3203.2145811963537 0.3291072038113547
3204.6188806423797 0.32020177962961205
3204.3898386657165 0.3111262747721295
3204.369428984628 0.3036971508558094
3205.773161495068 0.2945853621208355
3205.544686453991 0.28571622181658407
3206.9501197711884 0.2772235267413037
3206.7199439233536 0.26773529277735886
3208.1225425626226 0.2582107749359228
3208.505791018623 0.24912166362438104
3209.2926976117133 0.2383725649176176
3210.895424512769 0.22739895971887736
3213.3270112402643 0.22094723275247607
3216.6379150613348 0.23738382925598267
3216.4077392135 0.22789559529203784
3216.390731145926 0.22170465869510447
3217.8931104482954 0.24850030222234443
3219.189125197434 0.2744750230213463
3218.9606501563567 0.26560588271709495
3218.3296508493613 0.25880945891452733
3220.8502464638273 0.28475696680541085
3222.057819261581 0.278538817300359
3222.037409580492 0.2711096933840389
3224.8698197671474 0.2619661562562603
3223.8266582892757 0.2537342515504478
3227.9222009610935 0.273455446063844
3229.3712883183975 0.2659936666577819
3229.3508786373086 0.2585645427414618
3229.9427593888836 0.25112181237108255
3229.924050514552 0.2443117821144558
3231.123119278519 0.23499816431093723
3230.8952111730273 0.22633538855991697
3232.3000775546393 0.2176363289314054
3232.2796678735504 0.21020720501508527
3232.8715486251253 0.20276447464470593
3233.4600277631853 0.19408355695494006
3234.664198947424 0.18662722013050148
3234.435156970761 0.17755171527301894
3235.844558837059 0.17050357207035627
3235.8241491559706 0.16307444815403616
3237.6304059323284 0.15188994291737845
3237.002808238848 0.14633170643419768
3238.8255061471946 0.14113177324124226
3241.3177549823704 0.15676105347057
3240.072764435954 0.14935914246236837
3244.9880959648376 0.1554412274268282
3247.8854202760676 0.2070743189679558
3246.930417281788 0.1937842149656377
3246.9117084074564 0.18697418470901095
3246.2773074869465 0.1789395735870567
3246.2568978058575 0.1715104496707367
3246.236488124769 0.16408132575441658
3249.1913563979574 0.19951253212455844
3250.641577626433 0.207322636754536
3251.2300567644934 0.19864171906477013
3251.2096470834044 0.19121259514845002
3251.1892374023155 0.1837834712321299
3252.3883061662823 0.17446985342861132
3255.246228454299 0.17461272119623283
3256.4503996385374 0.16715638437179436
3257.6500353380898 0.1580491311215072
3259.0486654282577 0.14708006140745322
3261.4757166710665 0.13897741801520302
3262.0653296802984 0.13070922943189933
3263.267233122194 0.1224274343945363
3265.081426996753 0.11413203290311424
3266.283897374234 0.1060566024189824
3268.345615325554 0.09870503529079977
3272.0588166383077 0.11298636947133012
3270.564827982608 0.1041040762614881
3275.4654191862614 0.1048206828419388
3279.258218255262 0.14807560029611744
3278.626652012681 0.14107281194031895
3278.799000430764 0.12951186147469018
3278.5688245829297 0.12002362751074536
3278.5518165153553 0.11383269091381198
3277.9123131745732 0.10394079881277773
3281.7085138570883 0.148433903586343
3282.298693801906 0.1403720795562704
3283.5028649861447 0.13291574273183193
3284.4978369392234 0.12360666041299984
3285.8993017073203 0.11366941346510162
3285.276806434112 0.10996845796100074
3287.0966696645296 0.10373670200188978
3288.300840848768 0.0962803651774512
3289.501610419492 0.0875858410336261
3290.906476801104 0.07888678140511463
3293.131132039782 0.07140776715724395
3293.7252805337002 0.06479049499978906
3296.155166454438 0.05771967437369452
3299.8232396945627 0.05557439011702825
3302.2976300587857 0.06470318691957622
3302.9345821894317 0.07366643853107036
3304.7978159921627 0.08322157089413951
3308.4615238282763 0.07948727957759338
3309.6697769487328 0.07351676753641923
3312.4244035730167 0.09549663342364156
3310.935177176238 0.08834780246094076
3315.2212102048843 0.08825255728252657
3315.20420213731 0.08206162068559308
3317.030868594757 0.0783062393652556
3317.624450153089 0.07148260265456963
3319.438360559856 0.06308401888653181
3321.8594589790137 0.052814547685354984
3324.2831086083074 0.043473716973718046
3326.7107267867023 0.035577438134698935
3330.3901387385426 0.03755944494265484
3332.8568754723574 0.043902320276582696
3334.71245564468 0.05067153117103196
3336.164944615499 0.05930709401393375
3339.2944290491137 0.06914365320179394
3337.8113255566614 0.06422355941398927
3341.4884697661587 0.06538010800902083
3342.082051324491 0.05855647129833508
3343.896812134636 0.05046743436014389
3346.328965797717 0.044222071946973696
3354.175050301811 0.02340452584484083
3356.6243615539397 0.022266336289078537
3360.5024377031423 0.023166099300792095
3359.6860006190996 0.022045292677451034
3362.3802429964408 0.026680816088415535
3361.522984058196 0.025409058322887465
3361.522984058196 0.0244293338220362
3363.359967497292 0.02950761734396233
3362.74763968426 0.028100609149401906
3364.1764045813347 0.031077464363526888
3366.4216065624523 0.03237882918814662
3370.0955734406443 0.03671828200819453
3370.299682711655 0.03535030130061857
3369.483245627612 0.03408661818757003
3369.483245627612 0.033106893686718764
3369.483245627612 0.03212716918586751
3371.9325568797403 0.04461327347006802
3371.9325568797403 0.04363354896921676
3372.5448846927725 0.04267288962005332
3372.5448846927725 0.041672754192100994
3372.5448846927725 0.040693029691249744
3372.5448846927725 0.03971330519039848
3372.5448846927725 0.03873358068954723
3372.5448846927725 0.037753856188695964
3374.79008667389 0.036578695191719454
3375.606523757933 0.038726851812480936
3375.606523757933 0.03774712731162967
3375.606523757933 0.03578767830992716
3375.606523757933 0.034807953809075906
3375.606523757933 0.03382822930822464
3376.4229608419755 0.03266981573861312
3376.218851570965 0.03150003784328964
3376.218851570965 0.03052031334243839
3376.218851570965 0.029540588841587126
3377.6476164680394 0.028190327510285718
3377.443507197029 0.026966120476026062
3378.055835010061 0.025862584637155142
3378.974326729609 0.02443180107696051
3379.892818449157 0.023409236058787225
3379.6887091781464 0.022307494587133977
3381.321583346232 0.020915962809826008
3381.729801888253 0.019914930198264846
3382.1380204302745 0.018913897586703685
3384.5873316824027 0.017887968129997253
3387.2407522055414 0.0168003573001832
3392.506771397617 0.016156044891496094
3393.5681396068726 0.01901124200826261
3393.364030335862 0.01774621311980082
3392.75170252283 0.016890299956969237
3395.81334158799 0.020394250541286615
3398.87498065315 0.019203687892358393
3399.487308466182 0.022937541776440556
3401.9366197183103 0.02495284045779325
3401.9366197183103 0.024034348738245198
3401.9366197183103 0.022074899736542683
3400.0996362792143 0.02103797978062799
3400.0996362792143 0.020058255279776727
3404.3859309704385 0.022988008354437706
3405.610586596503 0.021760661177547116
3405.610586596503 0.020780936676695852
3406.8352422225666 0.019890369796972895
3407.447570035599 0.018511286442237554
3406.2229144095345 0.017717951836122417
3409.0804442036842 0.01660948148740289
3408.366061755147 0.015733381693372434
3409.5907173812107 0.014628500079088266
3411.121536913791 0.013584178358400659
3410.815373007275 0.012533688500402276
3412.346192539855 0.011091353701243839
3416.6324872310793 0.009826661256635366
3421.2249458288197 0.011010607176448417
3422.1434375483677 0.00996763123117407
3426.5521978021984 0.009615038072900678
3427.8584971366668 0.010934795161501601
3429.981233555178 0.01276711324583174
3435.3697183098598 0.012314394396812006
3436.8393050611367 0.015180940886230329
3435.6146494350724 0.013081306945646853
3436.8393050611367 0.013854230624660915
3440.5132719393287 0.01584642682808604
3441.125599752361 0.01482453469761938
3442.3502553784247 0.013719653083335198
3444.187238817521 0.012368494568424954
3447.126412320075 0.011063899882813394
3447.861205695713 0.009635561147952831
3450.9228447608734 0.008312327472867684
3454.8009209100765 0.008671200916402944
3458.3932440798644 0.009373605963762313
3461.332417582418 0.008350682072145496
3463.7817288345464 0.0072431089070348065
3466.7209023371 0.006122212565332866
3471.741990403963 0.006781676162214242
3474.803629469123 0.006912721043080147
3475.415957282155 0.0058704179855124244
3477.2529407212514 0.004886656158421404
3480.3145797864113 0.003869586389852256
3485.2132022906676 0.0034608071080753783
3490.111824794924 0.00360312285802733
3495.01044729918 0.004663930327527321
3499.9090698034365 0.004469465780311654
3504.807692307693 0.003662673420063961
3509.706314811949 0.003529441654151491
3513.3802816901416 0.004654173455781202
3517.6665763813658 0.00441002736622613
3521.95287107259 0.0035025261458863366
3525.01451013775 0.003005935018394426
4.080000000000000000e+02 2.000000000000000096e-04
4.090000000000000000e+02 2.000000000000000096e-04
4.100000000000000000e+02 2.999999999999999737e-04
4.110000000000000000e+02 2.999999999999999737e-04
4.120000000000000000e+02 2.999999999999999737e-04
4.130000000000000000e+02 2.999999999999999737e-04
4.140000000000000000e+02 2.999999999999999737e-04
4.150000000000000000e+02 2.999999999999999737e-04
4.160000000000000000e+02 4.000000000000000192e-04
4.170000000000000000e+02 5.000000000000000104e-04
4.180000000000000000e+02 5.000000000000000104e-04
4.190000000000000000e+02 5.000000000000000104e-04
4.200000000000000000e+02 5.000000000000000104e-04
4.210000000000000000e+02 5.999999999999999474e-04
4.220000000000000000e+02 6.999999999999999929e-04
4.230000000000000000e+02 8.000000000000000383e-04
4.240000000000000000e+02 1.000000000000000021e-03
4.250000000000000000e+02 1.199999999999999895e-03
4.260000000000000000e+02 1.299999999999999940e-03
4.270000000000000000e+02 1.299999999999999940e-03
4.280000000000000000e+02 1.299999999999999940e-03
4.290000000000000000e+02 1.199999999999999895e-03
4.300000000000000000e+02 1.199999999999999895e-03
4.310000000000000000e+02 1.299999999999999940e-03
4.320000000000000000e+02 1.500000000000000031e-03
4.330000000000000000e+02 1.699999999999999905e-03
4.340000000000000000e+02 1.699999999999999905e-03
4.350000000000000000e+02 1.699999999999999905e-03
4.360000000000000000e+02 1.699999999999999905e-03
4.370000000000000000e+02 1.799999999999999951e-03
4.380000000000000000e+02 2.099999999999999870e-03
4.390000000000000000e+02 2.399999999999999790e-03
4.400000000000000000e+02 2.899999999999999800e-03
4.410000000000000000e+02 3.299999999999999982e-03
4.420000000000000000e+02 3.700000000000000164e-03
4.430000000000000000e+02 3.899999999999999821e-03
4.440000000000000000e+02 4.000000000000000083e-03
4.450000000000000000e+02 3.799999999999999992e-03
4.460000000000000000e+02 3.599999999999999901e-03
4.470000000000000000e+02 3.500000000000000073e-03
4.480000000000000000e+02 3.500000000000000073e-03
4.490000000000000000e+02 3.799999999999999992e-03
4.500000000000000000e+02 4.199999999999999740e-03
4.510000000000000000e+02 4.499999999999999660e-03
4.520000000000000000e+02 4.599999999999999922e-03
4.530000000000000000e+02 4.599999999999999922e-03
4.540000000000000000e+02 4.599999999999999922e-03
4.550000000000000000e+02 4.700000000000000185e-03
4.560000000000000000e+02 5.199999999999999761e-03
4.570000000000000000e+02 5.899999999999999863e-03
4.580000000000000000e+02 6.899999999999999883e-03
4.590000000000000000e+02 7.799999999999999642e-03
4.600000000000000000e+02 8.699999999999999400e-03
4.610000000000000000e+02 9.499999999999999764e-03
4.620000000000000000e+02 9.799999999999999684e-03
4.630000000000000000e+02 9.700000000000000289e-03
4.640000000000000000e+02 9.199999999999999845e-03
4.650000000000000000e+02 8.699999999999999400e-03
4.660000000000000000e+02 8.399999999999999481e-03
4.670000000000000000e+02 8.600000000000000006e-03
4.680000000000000000e+02 9.199999999999999845e-03
4.690000000000000000e+02 9.599999999999999159e-03
4.700000000000000000e+02 1.009999999999999960e-02
4.710000000000000000e+02 1.039999999999999952e-02
4.720000000000000000e+02 1.050000000000000065e-02
4.730000000000000000e+02 1.050000000000000065e-02
4.740000000000000000e+02 1.080000000000000057e-02
4.750000000000000000e+02 1.149999999999999981e-02
4.760000000000000000e+02 1.269999999999999948e-02
4.770000000000000000e+02 1.409999999999999969e-02
4.780000000000000000e+02 1.580000000000000154e-02
4.790000000000000000e+02 1.739999999999999880e-02
4.800000000000000000e+02 1.930000000000000118e-02
4.810000000000000000e+02 2.060000000000000026e-02
4.820000000000000000e+02 2.149999999999999828e-02
4.830000000000000000e+02 2.179999999999999993e-02
4.840000000000000000e+02 2.129999999999999949e-02
4.850000000000000000e+02 2.050000000000000086e-02
4.860000000000000000e+02 2.000000000000000042e-02
4.870000000000000000e+02 1.959999999999999937e-02
4.880000000000000000e+02 1.969999999999999876e-02
4.890000000000000000e+02 2.029999999999999860e-02
4.900000000000000000e+02 2.129999999999999949e-02
4.910000000000000000e+02 2.189999999999999933e-02
4.920000000000000000e+02 2.230000000000000038e-02
4.930000000000000000e+02 2.249999999999999917e-02
4.940000000000000000e+02 2.299999999999999961e-02
4.950000000000000000e+02 2.340000000000000066e-02
4.960000000000000000e+02 2.440000000000000155e-02
4.970000000000000000e+02 2.570000000000000062e-02
4.980000000000000000e+02 2.740000000000000074e-02
4.990000000000000000e+02 2.949999999999999845e-02
5.000000000000000000e+02 3.200000000000000067e-02
5.010000000000000000e+02 3.459999999999999881e-02
5.020000000000000000e+02 3.719999999999999696e-02
5.030000000000000000e+02 3.960000000000000325e-02
5.040000000000000000e+02 4.139999999999999930e-02
5.050000000000000000e+02 4.270000000000000184e-02
5.060000000000000000e+02 4.309999999999999942e-02
5.070000000000000000e+02 4.290000000000000063e-02
5.080000000000000000e+02 4.229999999999999732e-02
5.090000000000000000e+02 4.150000000000000216e-02
5.100000000000000000e+02 4.089999999999999886e-02
5.110000000000000000e+02 4.050000000000000128e-02
5.120000000000000000e+02 4.100000000000000172e-02
5.130000000000000000e+02 4.179999999999999688e-02
5.140000000000000000e+02 4.279999999999999777e-02
5.150000000000000000e+02 4.370000000000000273e-02
5.160000000000000000e+02 4.460000000000000075e-02
5.170000000000000000e+02 4.549999999999999878e-02
5.180000000000000000e+02 4.630000000000000088e-02
5.190000000000000000e+02 4.710000000000000298e-02
5.200000000000000000e+02 4.809999999999999692e-02
5.210000000000000000e+02 4.959999999999999826e-02
5.220000000000000000e+02 5.109999999999999959e-02
5.230000000000000000e+02 5.310000000000000137e-02
5.240000000000000000e+02 5.539999999999999786e-02
5.250000000000000000e+02 5.800000000000000294e-02
5.260000000000000000e+02 6.049999999999999822e-02
5.270000000000000000e+02 6.329999999999999516e-02
5.280000000000000000e+02 6.590000000000000024e-02
5.290000000000000000e+02 6.840000000000000246e-02
5.300000000000000000e+02 7.059999999999999609e-02
5.310000000000000000e+02 7.249999999999999500e-02
5.320000000000000000e+02 7.399999999999999634e-02
5.330000000000000000e+02 7.489999999999999436e-02
5.340000000000000000e+02 7.539999999999999480e-02
5.350000000000000000e+02 7.549999999999999767e-02
5.360000000000000000e+02 7.530000000000000582e-02
5.370000000000000000e+02 7.530000000000000582e-02
5.380000000000000000e+02 7.570000000000000340e-02
5.390000000000000000e+02 7.639999999999999569e-02
5.400000000000000000e+02 7.739999999999999658e-02
5.410000000000000000e+02 7.870000000000000606e-02
5.420000000000000000e+02 8.029999999999999638e-02
5.430000000000000000e+02 8.190000000000000058e-02
5.440000000000000000e+02 8.329999999999999905e-02
5.450000000000000000e+02 8.459999999999999465e-02
5.460000000000000000e+02 8.559999999999999554e-02
5.470000000000000000e+02 8.659999999999999643e-02
5.480000000000000000e+02 8.749999999999999445e-02
5.490000000000000000e+02 8.820000000000000062e-02
5.500000000000000000e+02 8.899999999999999578e-02
5.510000000000000000e+02 8.989999999999999380e-02
5.520000000000000000e+02 9.080000000000000571e-02
5.530000000000000000e+02 9.180000000000000659e-02
5.540000000000000000e+02 9.310000000000000220e-02
5.550000000000000000e+02 9.439999999999999780e-02
5.560000000000000000e+02 9.619999999999999385e-02
5.570000000000000000e+02 9.810000000000000664e-02
5.580000000000000000e+02 1.001999999999999974e-01
5.590000000000000000e+02 1.026999999999999996e-01
5.600000000000000000e+02 1.052000000000000018e-01
5.610000000000000000e+02 1.078000000000000069e-01
5.620000000000000000e+02 1.103999999999999981e-01
5.630000000000000000e+02 1.127999999999999975e-01
5.640000000000000000e+02 1.147999999999999993e-01
5.650000000000000000e+02 1.165999999999999953e-01
5.660000000000000000e+02 1.184000000000000052e-01
5.670000000000000000e+02 1.199000000000000066e-01
5.680000000000000000e+02 1.213000000000000050e-01
5.690000000000000000e+02 1.228999999999999954e-01
5.700000000000000000e+02 1.243999999999999967e-01
5.710000000000000000e+02 1.257000000000000062e-01
5.720000000000000000e+02 1.267999999999999960e-01
5.730000000000000000e+02 1.275000000000000022e-01
5.740000000000000000e+02 1.279000000000000137e-01
5.750000000000000000e+02 1.277999999999999969e-01
5.760000000000000000e+02 1.272999999999999965e-01
5.770000000000000000e+02 1.264000000000000123e-01
5.780000000000000000e+02 1.254000000000000115e-01
5.790000000000000000e+02 1.242999999999999938e-01
5.800000000000000000e+02 1.231000000000000011e-01
5.810000000000000000e+02 1.218999999999999945e-01
5.820000000000000000e+02 1.208000000000000046e-01
5.830000000000000000e+02 1.197000000000000008e-01
5.840000000000000000e+02 1.189999999999999947e-01
5.850000000000000000e+02 1.184000000000000052e-01
5.860000000000000000e+02 1.179999999999999938e-01
5.870000000000000000e+02 1.179000000000000048e-01
5.880000000000000000e+02 1.178000000000000019e-01
5.890000000000000000e+02 1.179999999999999938e-01
5.900000000000000000e+02 1.184999999999999942e-01
5.910000000000000000e+02 1.195999999999999980e-01
5.920000000000000000e+02 1.208000000000000046e-01
5.930000000000000000e+02 1.226000000000000006e-01
5.940000000000000000e+02 1.247999999999999943e-01
5.950000000000000000e+02 1.270000000000000018e-01
5.960000000000000000e+02 1.295000000000000040e-01
5.970000000000000000e+02 1.318000000000000005e-01
5.980000000000000000e+02 1.340999999999999970e-01
5.990000000000000000e+02 1.360000000000000098e-01
6.000000000000000000e+02 1.375000000000000111e-01
6.010000000000000000e+02 1.383999999999999952e-01
6.020000000000000000e+02 1.390000000000000124e-01
6.030000000000000000e+02 1.388000000000000067e-01
6.040000000000000000e+02 1.381999999999999895e-01
6.050000000000000000e+02 1.370999999999999996e-01
6.060000000000000000e+02 1.355999999999999983e-01
6.070000000000000000e+02 1.337000000000000133e-01
6.080000000000000000e+02 1.317000000000000115e-01
6.090000000000000000e+02 1.293999999999999873e-01
6.100000000000000000e+02 1.270999999999999908e-01
6.110000000000000000e+02 1.247999999999999943e-01
6.120000000000000000e+02 1.223999999999999949e-01
6.130000000000000000e+02 1.203000000000000042e-01
6.140000000000000000e+02 1.180999999999999966e-01
6.150000000000000000e+02 1.161999999999999977e-01
6.160000000000000000e+02 1.141999999999999960e-01
6.170000000000000000e+02 1.123999999999999999e-01
6.180000000000000000e+02 1.107999999999999957e-01
6.190000000000000000e+02 1.092000000000000054e-01
6.200000000000000000e+02 1.078000000000000069e-01
6.210000000000000000e+02 1.064999999999999974e-01
6.220000000000000000e+02 1.052000000000000018e-01
6.230000000000000000e+02 1.039000000000000062e-01
6.240000000000000000e+02 1.026999999999999996e-01
6.250000000000000000e+02 1.014000000000000040e-01
6.260000000000000000e+02 1.000000000000000056e-01
6.270000000000000000e+02 9.869999999999999607e-02
6.280000000000000000e+02 9.729999999999999760e-02
6.290000000000000000e+02 9.569999999999999341e-02
6.300000000000000000e+02 9.429999999999999494e-02
6.310000000000000000e+02 9.289999999999999647e-02
6.320000000000000000e+02 9.160000000000000087e-02
6.330000000000000000e+02 9.009999999999999953e-02
6.340000000000000000e+02 8.859999999999999820e-02
6.350000000000000000e+02 8.699999999999999400e-02
6.360000000000000000e+02 8.550000000000000655e-02
6.370000000000000000e+02 8.390000000000000235e-02
6.380000000000000000e+02 8.229999999999999816e-02
6.390000000000000000e+02 8.069999999999999396e-02
6.400000000000000000e+02 7.900000000000000078e-02
6.410000000000000000e+02 7.749999999999999944e-02
6.420000000000000000e+02 7.610000000000000098e-02
6.430000000000000000e+02 7.470000000000000251e-02
6.440000000000000000e+02 7.340000000000000691e-02
6.450000000000000000e+02 7.199999999999999456e-02
6.460000000000000000e+02 7.080000000000000182e-02
6.470000000000000000e+02 6.959999999999999520e-02
6.480000000000000000e+02 6.829999999999999960e-02
6.490000000000000000e+02 6.729999999999999871e-02
6.500000000000000000e+02 6.619999999999999496e-02
6.510000000000000000e+02 6.519999999999999407e-02
6.520000000000000000e+02 6.410000000000000420e-02
6.530000000000000000e+02 6.300000000000000044e-02
6.540000000000000000e+02 6.189999999999999669e-02
6.550000000000000000e+02 6.079999999999999988e-02
6.560000000000000000e+02 5.970000000000000306e-02
6.570000000000000000e+02 5.859999999999999931e-02
6.580000000000000000e+02 5.750000000000000250e-02
6.590000000000000000e+02 5.650000000000000161e-02
6.600000000000000000e+02 5.550000000000000072e-02
6.610000000000000000e+02 5.460000000000000270e-02
6.620000000000000000e+02 5.360000000000000181e-02
6.630000000000000000e+02 5.260000000000000092e-02
6.640000000000000000e+02 5.160000000000000003e-02
6.650000000000000000e+02 5.050000000000000322e-02
6.660000000000000000e+02 4.939999999999999947e-02
6.670000000000000000e+02 4.819999999999999979e-02
6.680000000000000000e+02 4.710000000000000298e-02
6.690000000000000000e+02 4.599999999999999922e-02
6.700000000000000000e+02 4.499999999999999833e-02
6.710000000000000000e+02 4.399999999999999745e-02
6.720000000000000000e+02 4.290000000000000063e-02
6.730000000000000000e+02 4.189999999999999974e-02
6.740000000000000000e+02 4.089999999999999886e-02
6.750000000000000000e+02 4.009999999999999676e-02
6.760000000000000000e+02 3.919999999999999873e-02
6.770000000000000000e+02 3.830000000000000071e-02
6.780000000000000000e+02 3.749999999999999861e-02
6.790000000000000000e+02 3.679999999999999938e-02
6.800000000000000000e+02 3.610000000000000014e-02
6.810000000000000000e+02 3.549999999999999684e-02
6.820000000000000000e+02 3.500000000000000333e-02
6.830000000000000000e+02 3.450000000000000289e-02
6.840000000000000000e+02 3.389999999999999958e-02
6.850000000000000000e+02 3.330000000000000321e-02
6.860000000000000000e+02 3.269999999999999990e-02
6.870000000000000000e+02 3.200000000000000067e-02
6.880000000000000000e+02 3.109999999999999917e-02
6.890000000000000000e+02 3.030000000000000054e-02
6.900000000000000000e+02 2.949999999999999845e-02
6.910000000000000000e+02 2.869999999999999982e-02
6.920000000000000000e+02 2.790000000000000119e-02
6.930000000000000000e+02 2.730000000000000135e-02
6.940000000000000000e+02 2.649999999999999925e-02
6.950000000000000000e+02 2.580000000000000002e-02
6.960000000000000000e+02 2.510000000000000078e-02
6.970000000000000000e+02 2.440000000000000155e-02
6.980000000000000000e+02 2.369999999999999885e-02
6.990000000000000000e+02 2.319999999999999840e-02
7.000000000000000000e+02 2.259999999999999856e-02
7.010000000000000000e+02 2.210000000000000159e-02
7.020000000000000000e+02 2.170000000000000054e-02
7.030000000000000000e+02 2.120000000000000009e-02
7.040000000000000000e+02 2.079999999999999905e-02
7.050000000000000000e+02 2.050000000000000086e-02
7.060000000000000000e+02 2.019999999999999921e-02
7.070000000000000000e+02 1.990000000000000102e-02
7.080000000000000000e+02 1.959999999999999937e-02
7.090000000000000000e+02 1.930000000000000118e-02
7.100000000000000000e+02 1.909999999999999892e-02
7.110000000000000000e+02 1.890000000000000013e-02
7.120000000000000000e+02 1.870000000000000134e-02
7.130000000000000000e+02 1.849999999999999908e-02
7.140000000000000000e+02 1.849999999999999908e-02
7.150000000000000000e+02 1.830000000000000029e-02
7.160000000000000000e+02 1.810000000000000150e-02
7.170000000000000000e+02 1.770000000000000046e-02
7.180000000000000000e+02 1.729999999999999941e-02
7.190000000000000000e+02 1.679999999999999896e-02
7.200000000000000000e+02 1.619999999999999912e-02
7.210000000000000000e+02 1.559999999999999928e-02
7.220000000000000000e+02 1.510000000000000057e-02
7.230000000000000000e+02 1.469999999999999953e-02
7.240000000000000000e+02 1.430000000000000021e-02
7.250000000000000000e+02 1.400000000000000029e-02
7.260000000000000000e+02 1.359999999999999924e-02
7.270000000000000000e+02 1.340000000000000045e-02
7.280000000000000000e+02 1.299999999999999940e-02
7.290000000000000000e+02 1.260000000000000009e-02
7.300000000000000000e+02 1.230000000000000017e-02
7.310000000000000000e+02 1.200000000000000025e-02
7.320000000000000000e+02 1.179999999999999973e-02
7.330000000000000000e+02 1.159999999999999920e-02
7.340000000000000000e+02 1.149999999999999981e-02
7.350000000000000000e+02 1.140000000000000041e-02
7.360000000000000000e+02 1.140000000000000041e-02
7.370000000000000000e+02 1.129999999999999928e-02
7.380000000000000000e+02 1.119999999999999989e-02
7.390000000000000000e+02 1.119999999999999989e-02
7.400000000000000000e+02 1.119999999999999989e-02
7.410000000000000000e+02 1.129999999999999928e-02
7.420000000000000000e+02 1.149999999999999981e-02
7.430000000000000000e+02 1.159999999999999920e-02
7.440000000000000000e+02 1.170000000000000033e-02
7.450000000000000000e+02 1.179999999999999973e-02
7.460000000000000000e+02 1.200000000000000025e-02
7.470000000000000000e+02 1.190000000000000085e-02
7.480000000000000000e+02 1.179999999999999973e-02
7.490000000000000000e+02 1.159999999999999920e-02
7.500000000000000000e+02 1.110000000000000049e-02
7.510000000000000000e+02 1.060000000000000005e-02
7.520000000000000000e+02 1.009999999999999960e-02
7.530000000000000000e+02 9.599999999999999159e-03
7.540000000000000000e+02 8.999999999999999320e-03
7.550000000000000000e+02 8.600000000000000006e-03
7.560000000000000000e+02 8.200000000000000691e-03
7.570000000000000000e+02 7.900000000000000772e-03
7.580000000000000000e+02 7.700000000000000247e-03
7.590000000000000000e+02 7.499999999999999722e-03
7.600000000000000000e+02 7.300000000000000065e-03
7.610000000000000000e+02 7.199999999999999803e-03
7.620000000000000000e+02 7.000000000000000146e-03
7.630000000000000000e+02 7.000000000000000146e-03
7.640000000000000000e+02 7.000000000000000146e-03
7.650000000000000000e+02 6.899999999999999883e-03
7.660000000000000000e+02 6.799999999999999621e-03
7.670000000000000000e+02 6.700000000000000226e-03
7.680000000000000000e+02 6.700000000000000226e-03
7.690000000000000000e+02 6.799999999999999621e-03
7.700000000000000000e+02 6.799999999999999621e-03
7.710000000000000000e+02 6.899999999999999883e-03
7.720000000000000000e+02 7.100000000000000408e-03
7.730000000000000000e+02 7.199999999999999803e-03
7.740000000000000000e+02 7.499999999999999722e-03
7.750000000000000000e+02 7.900000000000000772e-03
7.760000000000000000e+02 8.099999999999999561e-03
7.770000000000000000e+02 8.300000000000000086e-03
7.780000000000000000e+02 8.399999999999999481e-03
7.790000000000000000e+02 8.500000000000000611e-03
7.800000000000000000e+02 8.399999999999999481e-03
7.810000000000000000e+02 8.200000000000000691e-03
7.820000000000000000e+02 7.900000000000000772e-03
7.830000000000000000e+02 7.499999999999999722e-03
7.840000000000000000e+02 7.100000000000000408e-03
7.850000000000000000e+02 6.700000000000000226e-03
7.860000000000000000e+02 6.300000000000000044e-03
7.870000000000000000e+02 6.100000000000000387e-03
7.880000000000000000e+02 5.799999999999999600e-03
7.890000000000000000e+02 5.599999999999999943e-03
7.900000000000000000e+02 5.400000000000000286e-03
7.910000000000000000e+02 5.199999999999999761e-03
7.920000000000000000e+02 4.899999999999999842e-03
7.930000000000000000e+02 4.700000000000000185e-03
7.940000000000000000e+02 4.599999999999999922e-03
7.950000000000000000e+02 4.400000000000000265e-03
7.960000000000000000e+02 4.300000000000000003e-03
7.970000000000000000e+02 4.199999999999999740e-03
7.980000000000000000e+02 4.199999999999999740e-03
7.990000000000000000e+02 4.100000000000000346e-03
8.000000000000000000e+02 4.000000000000000083e-03
8.010000000000000000e+02 4.000000000000000083e-03
8.020000000000000000e+02 4.000000000000000083e-03
8.030000000000000000e+02 3.899999999999999821e-03
8.040000000000000000e+02 4.000000000000000083e-03
8.050000000000000000e+02 4.000000000000000083e-03
8.060000000000000000e+02 4.100000000000000346e-03
8.070000000000000000e+02 4.199999999999999740e-03
8.080000000000000000e+02 4.400000000000000265e-03
8.090000000000000000e+02 4.599999999999999922e-03
8.100000000000000000e+02 4.799999999999999580e-03
8.110000000000000000e+02 5.000000000000000104e-03
8.120000000000000000e+02 5.199999999999999761e-03
8.130000000000000000e+02 5.400000000000000286e-03
8.140000000000000000e+02 5.599999999999999943e-03
8.150000000000000000e+02 5.700000000000000205e-03
8.160000000000000000e+02 5.700000000000000205e-03
8.170000000000000000e+02 5.700000000000000205e-03
8.180000000000000000e+02 5.599999999999999943e-03
8.190000000000000000e+02 5.499999999999999681e-03
8.200000000000000000e+02 5.000000000000000104e-03
8.250000000000000000e+02 3.700000000000000164e-03
8.260000000000000000e+02 3.399999999999999811e-03
8.270000000000000000e+02 3.099999999999999891e-03
8.280000000000000000e+02 2.899999999999999800e-03
8.290000000000000000e+02 2.700000000000000143e-03
8.300000000000000000e+02 2.500000000000000052e-03
8.310000000000000000e+02 2.399999999999999790e-03
8.320000000000000000e+02 2.299999999999999961e-03
8.330000000000000000e+02 2.200000000000000133e-03
8.340000000000000000e+02 2.099999999999999870e-03
8.350000000000000000e+02 2.099999999999999870e-03
8.360000000000000000e+02 2.000000000000000042e-03
8.370000000000000000e+02 2.000000000000000042e-03
8.380000000000000000e+02 2.000000000000000042e-03
8.390000000000000000e+02 2.000000000000000042e-03
8.400000000000000000e+02 2.000000000000000042e-03
8.410000000000000000e+02 2.000000000000000042e-03
8.420000000000000000e+02 2.099999999999999870e-03
8.430000000000000000e+02 2.099999999999999870e-03
8.440000000000000000e+02 2.200000000000000133e-03
8.450000000000000000e+02 2.299999999999999961e-03
8.460000000000000000e+02 2.399999999999999790e-03
8.470000000000000000e+02 2.599999999999999881e-03
8.480000000000000000e+02 2.799999999999999972e-03
8.490000000000000000e+02 3.000000000000000062e-03
8.500000000000000000e+02 3.200000000000000153e-03
8.510000000000000000e+02 3.500000000000000073e-03
8.520000000000000000e+02 3.700000000000000164e-03
8.530000000000000000e+02 3.799999999999999992e-03
8.540000000000000000e+02 3.799999999999999992e-03
8.550000000000000000e+02 3.700000000000000164e-03
8.560000000000000000e+02 3.599999999999999901e-03
8.570000000000000000e+02 3.500000000000000073e-03
8.580000000000000000e+02 3.299999999999999982e-03
8.590000000000000000e+02 3.200000000000000153e-03
8.600000000000000000e+02 2.899999999999999800e-03
8.610000000000000000e+02 2.700000000000000143e-03
8.620000000000000000e+02 2.500000000000000052e-03
8.630000000000000000e+02 2.299999999999999961e-03
8.640000000000000000e+02 2.099999999999999870e-03
8.650000000000000000e+02 1.899999999999999996e-03
8.660000000000000000e+02 1.699999999999999905e-03
8.670000000000000000e+02 1.600000000000000077e-03
8.680000000000000000e+02 1.500000000000000031e-03
8.690000000000000000e+02 1.399999999999999986e-03
8.700000000000000000e+02 1.299999999999999940e-03
8.710000000000000000e+02 1.299999999999999940e-03
8.720000000000000000e+02 1.199999999999999895e-03
8.730000000000000000e+02 1.100000000000000066e-03
8.740000000000000000e+02 1.100000000000000066e-03
8.750000000000000000e+02 1.100000000000000066e-03
8.760000000000000000e+02 1.000000000000000021e-03
8.770000000000000000e+02 1.000000000000000021e-03
8.780000000000000000e+02 1.000000000000000021e-03
8.790000000000000000e+02 1.000000000000000021e-03
8.800000000000000000e+02 1.100000000000000066e-03
8.810000000000000000e+02 1.100000000000000066e-03
8.820000000000000000e+02 1.100000000000000066e-03
8.830000000000000000e+02 1.100000000000000066e-03
8.840000000000000000e+02 1.199999999999999895e-03
8.850000000000000000e+02 1.199999999999999895e-03
8.860000000000000000e+02 1.299999999999999940e-03
8.870000000000000000e+02 1.299999999999999940e-03
8.880000000000000000e+02 1.299999999999999940e-03
8.890000000000000000e+02 1.399999999999999986e-03
8.900000000000000000e+02 1.399999999999999986e-03
8.910000000000000000e+02 1.299999999999999940e-03
8.920000000000000000e+02 1.299999999999999940e-03
8.930000000000000000e+02 1.399999999999999986e-03
8.940000000000000000e+02 1.399999999999999986e-03
8.950000000000000000e+02 1.500000000000000031e-03
8.960000000000000000e+02 1.600000000000000077e-03
8.970000000000000000e+02 1.600000000000000077e-03
8.980000000000000000e+02 1.699999999999999905e-03
8.990000000000000000e+02 1.699999999999999905e-03
9.000000000000000000e+02 1.600000000000000077e-03
9.010000000000000000e+02 1.500000000000000031e-03
9.020000000000000000e+02 1.399999999999999986e-03
9.030000000000000000e+02 1.399999999999999986e-03
9.040000000000000000e+02 1.299999999999999940e-03
9.050000000000000000e+02 1.199999999999999895e-03
9.060000000000000000e+02 1.100000000000000066e-03
9.070000000000000000e+02 1.000000000000000021e-03
9.080000000000000000e+02 8.999999999999999754e-04
9.090000000000000000e+02 8.999999999999999754e-04
9.100000000000000000e+02 8.000000000000000383e-04
9.110000000000000000e+02 6.999999999999999929e-04
9.120000000000000000e+02 6.999999999999999929e-04
9.130000000000000000e+02 5.999999999999999474e-04
9.140000000000000000e+02 5.999999999999999474e-04
9.150000000000000000e+02 5.000000000000000104e-04
9.160000000000000000e+02 5.000000000000000104e-04
9.170000000000000000e+02 5.000000000000000104e-04
9.180000000000000000e+02 5.000000000000000104e-04
9.200000000000000000e+02 5.000000000000000104e-04
9.210000000000000000e+02 4.000000000000000192e-04
9.220000000000000000e+02 4.000000000000000192e-04
9.230000000000000000e+02 4.000000000000000192e-04
9.240000000000000000e+02 4.000000000000000192e-04
9.250000000000000000e+02 4.000000000000000192e-04
9.260000000000000000e+02 4.000000000000000192e-04
9.270000000000000000e+02 4.000000000000000192e-04
9.280000000000000000e+02 4.000000000000000192e-04
9.290000000000000000e+02 4.000000000000000192e-04
9.300000000000000000e+02 4.000000000000000192e-04
9.310000000000000000e+02 4.000000000000000192e-04
9.320000000000000000e+02 4.000000000000000192e-04
9.330000000000000000e+02 4.000000000000000192e-04
9.340000000000000000e+02 4.000000000000000192e-04
9.350000000000000000e+02 5.000000000000000104e-04
9.360000000000000000e+02 5.000000000000000104e-04
9.370000000000000000e+02 5.000000000000000104e-04
9.380000000000000000e+02 5.999999999999999474e-04
9.390000000000000000e+02 6.999999999999999929e-04
9.400000000000000000e+02 8.000000000000000383e-04
9.410000000000000000e+02 8.999999999999999754e-04
9.420000000000000000e+02 1.000000000000000021e-03
9.430000000000000000e+02 1.100000000000000066e-03
9.440000000000000000e+02 1.100000000000000066e-03
9.450000000000000000e+02 1.100000000000000066e-03
9.460000000000000000e+02 1.000000000000000021e-03
9.470000000000000000e+02 8.999999999999999754e-04
9.480000000000000000e+02 8.000000000000000383e-04
9.490000000000000000e+02 6.999999999999999929e-04
9.500000000000000000e+02 6.999999999999999929e-04
9.510000000000000000e+02 5.999999999999999474e-04
9.520000000000000000e+02 5.000000000000000104e-04
9.530000000000000000e+02 5.000000000000000104e-04
9.540000000000000000e+02 4.000000000000000192e-04
9.550000000000000000e+02 4.000000000000000192e-04
9.560000000000000000e+02 4.000000000000000192e-04
9.570000000000000000e+02 4.000000000000000192e-04
9.580000000000000000e+02 2.999999999999999737e-04
9.590000000000000000e+02 2.999999999999999737e-04
9.600000000000000000e+02 2.999999999999999737e-04
9.610000000000000000e+02 1.000000000000000048e-04
9.620000000000000000e+02 1.000000000000000048e-04
9.630000000000000000e+02 1.000000000000000048e-04
9.640000000000000000e+02 1.000000000000000048e-04
9.650000000000000000e+02 1.000000000000000048e-04
9.660000000000000000e+02 1.000000000000000048e-04
9.670000000000000000e+02 1.000000000000000048e-04
9.680000000000000000e+02 1.000000000000000048e-04
9.690000000000000000e+02 1.000000000000000048e-04
9.700000000000000000e+02 1.000000000000000048e-04
9.710000000000000000e+02 1.000000000000000048e-04
9.720000000000000000e+02 1.000000000000000048e-04
9.730000000000000000e+02 1.000000000000000048e-04
9.740000000000000000e+02 1.000000000000000048e-04
